R:
  rows: 3
  cols: 3
  dt: d
  data: [-0.8060741,  -0.59124406, -0.02598088,0.035149,   -0.00400524, -0.99937406,0.59076992, -0.80648274,  0.02401015]

T:
  rows: 3
  cols: 1
  dt: d
  data: [1.86995261,  0.556874,   -2.11380907]
