R:
  rows: 3
  cols: 3
  dt: d
  data: [0.77037561,  0.63758572, -0.00242187,-0.06286754,  0.0721799,  -0.99540832,-0.63448333,  0.76699055,  0.09568909]

T:
  rows: 3
  cols: 1
  dt: d
  data: [-1.30734973, 0.81947199,  0.38859561]
