R:
  rows: 3
  cols: 3
  dt: d
  data: [-0.78457228,  0.61979994,  0.01715716,-0.02949665, -0.00966983, -0.9995181,-0.61933536, -0.78470028,  0.0258687]

T:
  rows: 3
  cols: 1
  dt: d
  data: [1.32905577, 0.82200316 ,0.28932488]
